R,TEAM,1,2,3,4,5,6,7,8,9,10,BP,MP
1,Thibaut 1,XX,13,16,14,13,15,14,16,15,15,131.0,27
2,Caïssa Anderlecht 2,11,XX,11,11,14,14,15,16,14,16,122.0,21
3,Geraardsbergen,8,13,XX,12,14,12,14,15,13,18,119.0,23
4,Soignies 1,10,13,12,XX,13,13,13,13,12,14,113.0,23
5,CRE Bruxelles 2,11,10,10,11,XX,9,13,13,14,17,108.0,17
6,Dworp 1,9,10,12,11,15,XX,11,14,11,12,105.0,15
7,Waterloo,10,9,10,11,11,13,XX,11,14,15,104.0,15
8,Fous du Roy,8,8,9,11,11,10,13,XX,13,16,99.0,15
9,Nivelles,9,10,11,12,9,13,10,11,XX,14,99.0,14
10,Verviers 2,9,8,6,10,7,12,9,8,10,XX,79.0,10
